13 61 52 94 0
66 41 95 85 1
114 40 144 89 2
162 49 189 95 3
210 34 226 99 4
246 30 256 49 5
232 48 250 56 6
254 50 274 56 7
248 59 256 75 8
228 79 248 86 9
248 86 256 108 10
251 77 272 87 11
276 47 308 81 12
316 51 352 78 13
367 53 397 85 14
406 54 438 78 15
452 51 486 77 16
498 53 538 77 17
546 54 578 77 18
588 51 626 86 19
635 48 674 75 20
686 46 722 78 21
730 43 768 79 22
781 44 819 77 23
830 50 860 76 24
878 44 908 82 25
924 46 955 79 26
27 128 45 144 27
71 129 92 146 28
28 169 43 192 29
74 170 93 192 30
109 142 142 178 31
164 137 206 168 32
223 136 262 164 33
274 138 312 166 34
322 136 360 169 35
367 135 401 173 36
416 137 449 169 37
456 137 493 170 38
504 139 538 171 39
549 134 590 167 40
600 136 637 168 41
642 136 679 164 42
691 140 728 164 43
735 136 776 168 44
782 135 822 169 45
830 136 870 167 46
883 134 914 170 47
929 134 958 172 48
23 232 46 262 49
69 236 101 262 50
111 232 152 272 51
27 295 46 324 52
67 284 95 314 53
104 286 154 322 54
24 333 50 378 55
76 332 94 375 56
122 339 145 376 57
190 212 206 252 58
157 250 197 268 59
202 252 246 270 60
189 276 203 317 61
156 318 191 336 62
199 319 236 337 63
187 340 202 382 64
282 211 293 250 65
246 251 280 266 66
286 253 327 269 67
279 274 292 319 68
241 320 280 338 69
276 344 287 386 70
290 320 328 340 71
369 208 383 251 72
332 252 371 268 73
373 252 420 267 74
368 278 380 321 75
328 319 366 336 76
371 318 416 336 77
363 344 378 383 78
453 212 470 250 79
417 251 455 268 80
464 254 509 270 81
457 279 470 315 82
417 319 452 334 83
451 342 466 382 84
463 320 498 332 85
496 282 512 311 86
493 353 510 380 87
541 216 558 249 88
512 254 544 267 89
556 252 592 265 90
544 280 554 316 91
506 321 542 334 92
555 322 588 334 93
538 344 554 379 94
580 357 600 380 95
634 215 647 252 96
596 253 628 269 97
644 255 685 269 98
628 280 644 318 99
592 321 631 337 100
642 320 677 335 101
630 342 641 380 102
674 286 688 312 103
671 352 685 381 104
720 214 732 252 105
687 252 723 267 106
731 254 765 268 107
718 278 731 320 108
681 318 719 334 109
730 320 768 336 110
713 343 728 379 111
756 358 774 378 112
807 213 822 254 113
769 248 812 264 114
822 253 858 266 115
809 280 818 314 116
772 323 807 334 117
807 342 820 381 118
820 324 853 336 119
864 215 883 252 120
889 216 907 260 121
911 228 929 263 122
938 221 960 256 123
861 285 886 323 124
890 284 916 317 125
924 287 960 318 126
857 342 880 372 127
887 348 906 376 128
910 348 935 376 129
935 343 961 371 130
16 424 74 459 131
93 417 118 450 132
148 416 168 450 133
192 414 216 448 134
230 419 259 448 135
279 414 312 443 136
321 414 351 444 137
362 416 389 439 138
404 413 434 444 139
442 412 476 442 140
484 410 510 440 141
526 408 554 445 142
560 410 598 441 143
608 410 636 442 144
647 409 676 444 145
686 409 712 451 146
728 415 758 448 147
765 413 796 444 148
804 410 840 446 149
844 408 878 448 150
887 407 912 445 151
927 412 956 447 152
